		bisection

the steps are:
	iter		lower		upper		root		error	
	1.000000	1.000000	6.000000	3.500000	0.714286
	2.000000	3.500000	6.000000	4.750000	0.263158
	3.000000	4.750000	6.000000	5.375000	0.131579
	4.000000	4.750000	5.375000	5.062500	0.065789
	5.000000	4.750000	5.062500	4.906250	0.031847
	6.000000	4.906250	5.062500	4.984375	0.015674
	7.000000	4.984375	5.062500	5.023438	0.007837
	8.000000	4.984375	5.023438	5.003906	0.003918
	9.000000	4.984375	5.003906	4.994141	0.001955
	10.000000	4.994141	5.003906	4.999023	0.000977

The Root is: 4.999023

Elapsed Time: 0.005562

Error: 0.000977